{
  "height": 19,
  "width": 149,
  "x": 518.1171875,
  "y": 1667.6328125
}