{
  "height": 32,
  "width": 50,
  "x": 1130.359375,
  "y": 115.8203125
}